-7.195509 -25.05895 -96.54156
6.298994 -14.16302 -98.79135
-12.83006 -44.85436 -88.45042
30.69306 -33.25593 -89.17387
10.63045 -55.55538 -82.46571
-10.74973 -64.87016 -75.34125
44.11843 -8.58518 -89.33006
-35.20075 -57.0881 -74.17451
4.779432 -68.19147 -72.98685
36.12161 -44.66985 -81.85251
31.23294 -59.2079 -74.28948
-6.020835 -80.94624 -58.40767
63.30825 -16.8093 -75.56133
-23.91178 -77.59837 -58.3671
16.43979 -81.74672 -55.20151
58.2425 -36.88964 -72.43593
-42.53371 -70.51799 -56.72827
35.24006 -79.40733 -49.52388
-5.863862 -89.24712 -44.72767
76.01146 -28.55161 -58.37006
47.40807 -61.25444 -63.24847
69.28829 -56.66069 -44.59481
-25.71591 -93.51273 -24.37338
9.784963 -94.68859 -30.6321
34.67907 -89.87215 -26.83946
55.81046 -78.36813 -27.26952
-6.302933 -99.32345 -9.753254
-23.18415 -97.2719 -0.8198384
21.49386 -97.59592 -3.6126
42.79755 -90.01955 -8.053008
23.20042 -96.1852 14.49651
-78.28324 40.32535 -47.38776
-95.87841 12.07975 -25.7179
-89.85526 38.41217 -21.22585
-81.77875 56.78215 9.382113
-93.1356 34.90102 10.3768
-99.2591 -7.557461 -9.513952
-97.59081 15.17656 15.67501
-86.24444 41.40092 29.11804
-75.2952 47.90892 45.11506
-93.01742 19.59954 31.04219
-84.48059 24.59857 47.51779
-61.26903 38.21615 69.17826
-73.55134 9.662381 67.05847
-63.02215 15.30009 76.11909
-63.22152 -16.40867 75.72182
-35.31951 27.08599 89.5482
-52.45975 -0.009451531 85.13503
85.12896 -11.92494 51.09653
-24.3773 12.35192 96.19344
-44.23768 -15.7073 88.29671
-35.86557 -31.62192 87.82776
-10.8281 -5.302149 99.27054
70.74766 -38.3871 59.3397
74.96644 -18.83563 63.44488
71.9277 -5.222188 69.27579
5.580667 -0.5175943 99.84282
2.575273 -69.3131 72.03515
-16.04046 -28.59069 94.47369
-9.859808 -47.3502 87.52567
30.70503 3.854105 95.09126
25.5948 -16.79256 95.19936
51.18634 -46.94024 71.94841
57.55562 -21.92654 78.78183
46.00485 -6.540132 88.54818
20.81483 -39.38418 89.53004
25.82744 -55.04229 79.39326
37.22324 -21.77216 90.22418
-30.50287 -26.96278 -91.33775
-42.82403 -36.4496 -82.68935
-57.68346 -54.84962 -60.53212
-48.67647 -75.39932 -44.10831
3.145634 -98.36564 17.7287
-73.52141 -36.55729 57.08036
-6.356479 -93.70614 34.33302
-53.54677 -33.27689 77.62341
-26.95165 -71.6075 64.38924
-12.19926 -89.59379 42.70986
-33.79448 -47.87079 81.03284
-3.368133 -79.47046 60.60612
34.1491 -88.7141 31.04268
14.64021 -80.73341 57.16451
49.83418 -69.02634 52.45873
29.33269 -76.35121 57.53334
41.51671 -59.60732 68.72649
-4.138608 21.83511 97.49924
15.02381 39.67121 90.55651
10.43939 17.37337 97.92439
46.79775 27.0416 84.13514
-50.08799 55.33678 66.55099
-40.91211 45.67228 78.99521
-94.21841 0.7563592 33.50102
-96.77358 -21.71522 12.77973
-81.9185 -9.829462 56.50434
-92.44792 -29.35127 24.32869
-77.96474 -49.4651 -38.40187
-50.40312 53.7579 -67.59891
-48.23863 70.86897 -51.48421
-37.32526 82.09411 -43.21323
-70.89854 60.35237 -36.48272
-56.76876 82.20996 -4.339402
-68.86867 72.49771 -1.090282
-64.78937 74.66409 15.08683
-73.08179 63.31121 25.50963
-61.36962 61.57875 49.41486
13.6502 84.97388 50.92261
93.49995 33.43755 11.81897
97.14502 6.0886 22.92974
86.20053 -25.39741 43.86844
86.90575 18.77481 45.77005
80.70835 -46.19743 36.769
64.76814 -58.67343 48.60574
61.50833 5.047041 78.68452
25.58081 76.41949 -59.20882
4.144235 83.68579 -54.58492
33.32596 85.32508 -40.11247
55.05719 66.98119 -49.82195
26.26167 96.07034 -8.989627
-18.06349 16.51944 -96.95782
-13.61093 36.70124 -92.02044
2.187144 25.27241 -96.72911
-34.99195 -2.628824 -93.64108
-3.579541 -3.096538 -99.88793
-51.59426 33.17813 -78.97623
-24.00615 53.11843 -81.25354
17.83162 15.47766 -97.1724
-30.79679 -93.4841 17.67146
-82.56222 -42.63883 36.95146
-75.01707 -60.81725 25.95576
-39.55903 -85.95626 32.35126
-57.41409 -71.77619 39.39288
-64.09425 -55.55413 52.96853
-64.44886 -34.21376 -68.37955
13.08679 96.24751 -23.77293
-4.307861 99.90516 -0.6338425
-28.20047 93.17298 22.88078
-6.989613 96.43649 25.51758
27.39271 92.77669 25.3402
-14.65831 86.546 47.90537
-18.54776 77.63776 60.23587
-23.92089 66.59457 70.66084
2.520053 73.42432 67.84187
-29.89235 78.18227 -54.71727
51.88705 -83.89894 16.3921
53.63681 -75.55236 37.6156
98.27158 17.61767 5.684631
98.84594 -15.14703 -0.2190176
77.85596 40.18501 48.20388
-53.36145 16.7062 -82.90633
-56.24627 -0.8441939 -82.67796
-49.47436 -15.68312 -85.47705
-72.02476 3.831535 -69.26582
-70.7146 31.50256 -63.30113
-77.65999 -25.58371 -57.57083
-87.94273 -1.897384 -47.5655
-87.55492 14.17842 -46.1856
-94.86411 -10.49151 -29.84509
-92.22906 -27.76496 -26.88692
-93.66208 -33.64609 -9.765097
-76.58698 -61.68636 -18.14464
-45.75446 -87.77922 -14.18934
-67.87682 -72.62781 -10.86001
-87.84882 -45.72831 13.83864
-53.67994 -84.07944 7.008047
-71.2989 -66.72011 21.56144
-14.14939 87.81396 -45.70013
-2.218112 96.92625 -24.50267
51.87333 83.92529 -16.30047
67.51577 68.85596 -26.46653
-21.96084 95.25494 -21.07644
17.40268 98.46184 1.554072
-33.69682 94.14632 -0.9979138
60.95745 78.98306 6.772402
71.89054 69.48939 -1.725128
-53.54832 81.84999 20.81244
41.43279 89.93857 13.94193
87.28705 48.50044 5.355186
68.49628 66.74074 29.22214
49.76997 76.99084 39.94199
40.63637 79.18161 45.59559
20.76928 66.88063 71.3836
-3.796477 60.14628 79.79983
60.77 57.12815 55.16684
47.16972 60.15602 64.46915
-18.18558 47.46116 86.1204
12.42225 54.00171 83.24363
40.78054 46.13434 78.79449
61.70409 38.33435 68.72469
73.18297 16.6771 66.07668
83.51163 -35.58674 -41.94511
75.17202 -62.01543 -22.43334
85.21923 -48.96135 -18.4518
93.05059 -28.97129 -22.41098
54.56765 -83.73607 -3.262218
77.61366 -63.05648 0.02002985
89.89105 -43.81213 0.3087315
92.48438 -36.02381 12.20347
98.72517 -9.958088 12.41679
65.0999 -74.37434 15.18093
72.31551 -64.80891 23.88036
