0.675265
0.726161
0.594310
0.768162
0.708502
0.703323
0.800000
0.644865
0.703562
0.777207
0.614987
0.756666
0.771718
0.690227
0.505520
0.615912
0.632531
0.616483
0.600572
0.701804
0.664505
0.612295
0.698591
0.784620
0.684533
0.762531
0.734527
0.673419
0.753811
0.781185
0.455020
0.384139
0.603640
0.533766
0.617395
0.537768
0.646258
0.592783
0.596339
0.659649
0.505013
0.414620
0.419100
0.523444
0.446582
0.317072
0.409244
0.393338
0.493455
0.429236
0.267026
0.421462
0.574331
0.567870
0.359781
0.385675
0.427264
0.388549
0.426908
0.464827
0.283737
0.444794
0.462255
0.208266
0.277912
0.224980
0.245840
0.266536
0.352501
0.336815
0.581579
0.696198
0.691186
0.274903
0.206430
0.280168
0.333355
0.449980
0.452159
0.461807
0.244042
0.313692
0.273896
0.336568
0.272591
0.274514
0.333287
0.282021
0.250122
0.432982
0.230198
0.237269
0.200000
0.246773
0.339968
0.572687
0.390315
0.301938
0.489897
0.530173
