-18.99325 -8.660056 -97.79704
-42.29182 9.952209 -90.06862
-18.19144 -28.43059 -94.13168
-19.88391 -55.55305 -80.73715
-53.92369 -13.79943 -83.07713
-40.43383 -44.9566 -79.64929
-63.50934 7.083014 -76.9181
-30.73798 -67.05656 -67.51736
6.513145 -53.35326 -84.32679
-6.989078 -71.33479 -69.73163
-54.83054 -36.72516 -75.13237
-66.04756 -21.16813 -72.03909
-23.06289 -76.32183 -60.35794
-84.22466 -2.661433 -53.84351
-48.34603 -66.77307 -56.60405
14.30467 -72.13206 -67.76684
-91.1288 -6.804656 -40.61083
-8.690742 -85.21694 -51.59985
-68.91426 -45.45135 -56.43579
-87.69545 -33.29163 -34.658
-28.52104 -85.60108 -43.11618
3.356972 -91.06081 -41.19052
-39.59204 -84.84562 -35.12393
-78.2784 -57.84967 -22.93262
-59.27991 -76.15952 -26.18439
-31.57133 -92.59609 -20.71748
-6.259398 -98.22844 -17.66339
-64.14055 -76.22002 -8.746346
-46.11084 -88.50797 -6.334886
-31.34781 -94.82961 4.965854
65.21172 32.79984 -68.34913
81.65573 -10.72241 -56.72188
85.49112 16.50443 -49.18203
85.48778 26.42465 -44.64948
86.1654 47.05424 -19.01111
90.66399 33.45897 -25.70091
92.75179 -9.080316 -36.25813
87.4359 -31.41178 -36.99005
95.72537 28.91495 -0.7617085
99.86627 4.454021 -2.624983
96.08031 25.46416 10.96132
89.05957 37.41117 25.8611
99.27282 5.771606 10.56392
95.35624 10.45954 28.24509
76.39668 25.47527 59.28371
82.31613 -3.70398 56.65982
83.35406 -23.55904 49.9707
64.08886 9.811496 76.13379
69.36154 -42.86312 57.89412
-87.60107 1.350329 48.21027
61.08538 -28.79654 73.75185
45.9311 -0.4813135 88.82625
46.55575 -51.83704 71.73202
-71.52374 3.876047 69.78059
42.9416 -34.56121 83.43585
18.77951 -12.13178 97.46871
15.3355 -59.32228 79.02967
-2.235957 -75.71734 65.28311
22.01848 -41.24719 88.39602
-57.40944 -15.01383 80.49062
3.787949 -1.18579 99.9212
-44.14903 -42.35338 79.10154
-1.51103 -23.68312 97.14333
0.9659961 -45.09264 89.25088
-12.49304 -59.39631 79.47328
-28.72853 5.043853 95.65161
-32.8106 -59.18841 73.62198
-38.80464 -17.85518 90.41788
-14.84116 -15.63115 97.64941
-18.1887 -45.63402 87.10171
-4.864243 -33.69193 -94.02762
32.02661 -57.92619 -74.95901
42.192 -72.96481 -53.81424
16.40309 -95.7506 -23.72256
-1.625998 -99.82475 5.68998
79.24478 -50.42789 34.31168
-52.22398 -83.74902 16.086
24.06946 -79.55518 55.60246
53.19426 -58.67577 61.05347
-7.356689 -96.18913 26.335
37.40185 -87.79623 29.88185
-37.93579 -90.32581 20.05301
22.69163 -74.09129 63.21052
9.47411 -93.56365 34.00122
-55.14931 -77.22966 31.5299
-8.526423 -92.86379 36.10563
-50.46333 -63.87951 58.07633
-32.2648 -84.96618 41.71008
-19.45003 -78.78259 58.43799
28.44309 10.35322 95.30898
16.98987 30.72396 93.63431
-19.79975 12.24266 97.2527
72.7631 41.90757 54.30733
43.85794 -62.8361 -64.25034
80.81268 -45.59531 -37.28781
84.47531 -48.2141 -23.22329
96.30702 -22.77303 -14.36475
97.07269 -11.32205 21.18265
91.78864 -34.46204 19.67774
85.74149 -51.30074 4.078135
59.66378 29.2897 74.7151
34.16583 65.35947 -67.53397
50.69561 67.70538 -53.34731
66.90402 53.94231 -51.12806
69.58174 58.95477 -41.02093
57.78273 80.61143 -12.76528
80.32089 58.69422 -10.17559
86.26561 49.52929 10.25154
75.43538 59.89516 26.8714
18.32014 86.94806 45.87381
-80.51881 44.81207 38.84067
-85.72493 22.9251 46.10505
-84.90059 -25.17159 46.4573
-58.91388 27.3319 76.04026
-68.95573 -45.35037 56.46638
-66.8364 -26.84944 69.36861
-50.20213 8.611152 86.05576
-36.69234 19.90729 90.87009
-20.11498 85.00386 -48.67988
2.002937 85.66148 -51.55676
-22.83487 93.04017 -28.67222
-7.880967 95.54427 -28.44611
-49.93732 80.46501 -32.11924
-18.22439 98.31921 1.097865
-3.790347 35.17605 -93.53223
12.04406 9.713566 -98.79568
27.50302 39.22473 -87.77816
-12.90314 11.03461 -98.54819
12.79589 54.42661 -82.90965
5.744875 -13.1812 -98.96086
-33.3175 28.1608 -89.98286
55.54329 -83.09071 -3.298124
70.97224 -69.41593 12.01536
6.733494 -98.46608 16.09632
72.44338 -62.59121 28.88422
52.13655 -82.12601 23.17536
38.5825 -90.37573 18.53691
21.95433 -16.3018 -96.18866
33.6472 -39.00669 -85.71082
31.34081 85.27362 -41.78711
2.014884 99.38474 -10.891
21.44545 97.6692 0.9041457
-4.452119 96.77336 24.80112
42.80215 89.44009 12.97863
29.02364 90.78423 30.26307
57.97569 77.33333 25.65884
63.85069 68.22115 35.62252
-4.608353 85.11173 52.2949
43.91846 75.53966 48.63053
50.99263 59.47702 62.1469
18.20531 72.64107 66.27097
31.40207 59.14568 74.26775
42.96556 35.65283 82.96287
18.64592 46.07006 86.77488
-16.14802 29.53159 94.16543
-70.50069 -70.08316 10.86293
-74.43473 -61.87869 25.10973
-97.95049 -1.587952 20.07932
-91.44934 28.69267 28.52628
-72.83765 61.62506 29.95043
-56.83317 46.01423 68.21056
64.74862 -64.14703 -41.14335
25.69854 -86.08411 -43.92164
52.05265 -80.11336 -29.53591
76.8364 -62.47755 -13.88247
33.23021 -93.82951 -9.580029
44.0155 22.49622 -86.92846
40.10701 -2.163808 -91.57918
43.35808 45.67827 -77.67608
65.80752 10.2039 -74.6006
53.70565 -27.35098 -79.7974
72.50959 -11.82147 -67.84255
57.63975 -45.18739 -68.08642
78.92168 -31.89972 -52.47642
18.8965 86.0416 -47.32615
7.236573 96.61626 -24.75742
39.07744 89.71044 -20.6153
57.63457 81.53226 5.54506
-52.40071 85.02035 -5.070186
-32.07536 92.74332 19.2315
-62.68484 76.86359 12.7514
-47.40468 80.32653 36.06167
-19.24869 89.4147 40.42894
-78.31822 59.05851 19.4512
-37.12315 78.00661 50.36705
-24.75203 72.86727 63.85685
-47.54683 63.57372 60.80856
-9.71633 60.48888 79.03599
-35.80426 52.6396 77.11762
-18.31397 46.08381 86.83824
-42.80534 34.44727 83.55291
-94.62022 -28.65037 -15.03893
-99.03352 -13.2503 -4.097812
-86.05715 -50.77462 -4.013071
-94.13119 -33.37398 5.049361
-85.66796 -50.01125 12.64415
-94.53701 -23.10192 23.00116
-94.28073 -1.956023 33.27637
-86.4629 -45.47564 21.35728
-70.46036 -57.14142 42.0737
