-14.5515 -6.334461 -98.7326
-50.37979 5.918871 -86.17914
-30.86096 -36.39342 -87.88128
-56.19759 -27.56092 -77.98862
5.898522 -68.51035 -72.60538
-39.88976 -70.45995 -58.68732
-86.80226 -3.369893 -49.53798
-13.67555 -80.33001 -57.96611
-67.17365 -46.9715 -57.28333
-87.29416 -35.21136 -33.76223
3.356972 -91.06081 -41.19052
-33.11677 -90.54326 -26.55555
-69.38609 -69.19115 -19.95379
-47.99419 -87.54263 -5.731017
-27.56836 -96.11101 1.630898
86.98181 13.44075 -47.47118
92.08081 -10.39094 -37.59192
86.22983 43.70943 -25.57155
99.93023 3.509315 1.278148
91.74459 25.20034 30.78754
95.96349 17.56643 21.96432
79.26714 -9.815615 60.16955
-88.52338 2.375368 46.45394
52.88217 -49.04631 69.26714
48.25473 2.542286 87.55009
-71.52374 3.876047 69.78059
35.12595 -38.12363 85.51466
-0.6939825 -76.31206 64.62189
12.63479 -15.49535 97.9809
10.28223 -59.06654 80.03387
-7.02289 -3.376194 99.69593
-43.32775 -44.32767 78.47142
-44.31697 -18.55241 87.703
-2.722982 -45.66572 88.92259
16.21297 -40.10435 -90.15975
31.93035 -72.7164 -60.76823
83.94549 -36.78973 39.99589
62.26837 -71.65122 31.44443
45.27892 -61.23086 64.81204
-42.7114 -86.37531 26.74025
14.6796 -86.98151 47.10334
-10.30392 -92.41907 36.77699
-46.83145 -64.407 60.48597
-26.54982 -64.2717 71.86275
23.78763 28.50766 92.85184
-15.62454 27.65965 94.81992
71.10377 60.63651 35.60151
62.07718 -58.27299 -52.44695
85.19816 -43.81091 -28.6684
96.5882 -17.98304 18.63683
59.66378 29.2897 74.7151
34.16583 65.35947 -67.53397
61.94174 58.94663 -51.8509
57.80981 80.23885 -14.82407
82.55525 56.4102 1.587305
-84.59003 31.45939 43.06778
-83.7221 -29.91208 45.78075
-54.81954 15.50835 82.18461
-23.50532 90.27496 -36.02684
15.03006 82.42097 -54.59743
-13.72976 98.53119 10.1537
16.05272 34.50108 -92.47694
5.075548 7.335572 -99.60135
-21.95656 31.73947 -92.25245
85.74149 -51.30074 4.078135
62.91656 -75.29082 19.30794
12.35893 -97.38929 19.04164
35.35535 -39.37616 -84.84998
31.34081 85.27362 -41.78711
16.20564 97.40506 -15.79974
12.42084 97.4258 18.81317
35.20913 88.76791 29.67449
47.50934 72.30161 50.15317
17.44726 87.96788 44.24076
20.97316 74.22478 63.64596
38.92038 50.3436 77.14095
-70.75304 -70.39167 6.246678
-96.38621 -3.19372 26.44806
-90.62467 29.90835 29.87741
-75.84676 56.61139 32.28651
-53.19322 41.05526 74.06042
22.90257 -90.53823 -35.75334
64.99337 -72.35986 -23.23601
43.47537 -90.03801 -1.746135
41.7924 23.19974 -87.83602
37.54086 -6.799812 -92.43618
69.40582 6.603601 -71.68839
55.25982 -32.23824 -76.85732
80.44652 -28.56252 -52.08205
48.32243 87.43306 -4.516991
-50.85476 85.09926 -13.11139
-62.68484 76.86359 12.7514
-76.03446 62.34426 18.2196
-41.31927 82.71774 38.08535
-28.06908 66.29326 69.40699
4.031546 60.65906 79.39915
-17.4851 44.22461 87.96849
-94.62022 -28.65037 -15.03893
-94.82653 -28.02886 14.91012
-71.65692 -59.50325 36.39573
