3.213538511520310781e-01 -1.043078598618801395e-01 -9.411968830806828334e-01
1.560500313120578575e-01 -4.642652014825194851e-01 -8.718407024335933508e-01
-2.784169245221259081e-01 -5.126059827239636268e-01 -8.122309539873744377e-01
4.946109868337212334e-01 -3.222299108006359547e-01 -8.071727549222573739e-01
-2.949958639217491879e-02 -7.109978588146711465e-01 -7.025751341768677882e-01
7.288396223212822989e-01 5.671146152657998568e-02 -6.823317485403194160e-01
3.461090626608561149e-01 -7.114212030441173784e-01 -6.116276551982292586e-01
-4.902973820599507149e-01 -7.043442226868386058e-01 -5.133300041034342120e-01
9.081259173013829511e-02 -8.926690197818559769e-01 -4.414692450272789670e-01
6.348256182720091179e-01 -4.896427487636801912e-01 -5.977009394075845083e-01
-2.593485132456730957e-01 -8.684713893904606463e-01 -4.224876264311915319e-01
5.987627639598117613e-01 -7.245353292565760439e-01 -3.413674107970351979e-01
3.081670688204369291e-01 -9.363323220042731876e-01 -1.682701413344210029e-01
-1.263494960842578320e-02 -9.943360832636061186e-01 -1.055277762884413717e-01
-7.861686446551442442e-01 4.122042791940515594e-01 -4.604633474829522566e-01
-9.378022182378673577e-01 1.892440874156876007e-01 -2.910561369329613957e-01
-9.048864368358295884e-01 4.255381608412175942e-01 -9.889898807877231524e-03
-7.951033837954449845e-01 4.944098871553710972e-01 3.512399074137881327e-01
-9.319289472930060159e-01 2.023726028738435379e-01 3.009215293119044121e-01
-6.493621646983949169e-01 1.758439990337251346e-01 7.398700338992261205e-01
-3.655611396659273482e-01 2.121612413641457695e-01 9.062850880539594645e-01
9.310264036539210863e-01 -7.419903550780983237e-02 3.573294541861287144e-01
-4.259257598514896159e-01 -1.821776421150906045e-01 8.862271457184762724e-01
-1.414347662066818834e-01 1.009798751224481178e-02 9.898960741190278023e-01
4.566871907196531910e-02 -6.754098243744701691e-01 7.360271307749280956e-01
1.513188942939804882e-01 -6.795364197415038054e-02 9.861464874814980242e-01
-5.032286634855127200e-02 -4.020159714744747648e-01 9.142487450370933022e-01
4.466125487815927886e-01 2.745167616987736689e-02 8.943062320851138391e-01
6.172700695455096698e-01 -2.991936308845851156e-01 7.276405929312770304e-01
3.147250869045870592e-01 -3.683798552624364953e-01 8.747824883419457187e-01
-9.609776845930778633e-02 -2.506856906199813606e-01 -9.632870306484586642e-01
-6.378184887483455690e-01 -4.567945284033982367e-01 -6.201018740751340630e-01
-9.346879168200684929e-02 -9.714154642958531261e-01 2.182099464011160173e-01
-7.253735527719594733e-01 -2.827372211576604233e-01 6.276088532764891870e-01
-3.781430921944311518e-01 -4.964469151924956192e-01 7.813758776808309436e-01
-2.430097123214575161e-01 -7.782309147634374202e-01 5.790534716448093588e-01
3.517596587587673018e-01 -9.072588142815336543e-01 2.305354341058684642e-01
1.267856036599585012e-01 -8.783186992404786730e-01 4.609573443054068576e-01
5.967824193884605499e-01 -6.802294590907282945e-01 4.256038379690564866e-01
3.869642318920586410e-01 -6.456166171654426078e-01 6.583599827419946982e-01
1.159687353725140646e-01 3.395073182561222924e-01 9.334270369271697732e-01
4.603816291770102542e-01 3.549522822245685383e-01 8.136692404533256706e-01
-5.511557260944108805e-01 5.295969565829343750e-01 6.447902210575439108e-01
-9.999103928851571510e-01 7.934298877181270981e-04 -1.336325818293485415e-02
-8.362103148518609252e-01 1.096087278545792437e-02 5.482993421509210208e-01
-9.363370343330758017e-01 -2.130995567604083429e-01 2.790368023126298946e-01
-6.043583468910730394e-01 6.376685401363376693e-01 -4.776293766755574377e-01
-4.586611121548304082e-01 8.311503809031650647e-01 -3.143549403483547611e-01
-7.079787471642778884e-01 7.052114638433677474e-01 -3.798532384478842117e-02
-5.688186629187058641e-01 7.391829309737936171e-01 3.606298979180284081e-01
2.122381833039171661e-01 8.688605067538780480e-01 4.472542602941274592e-01
9.446265584458807263e-01 2.095385221676187293e-01 2.525356862039524475e-01
8.136338334937243122e-01 -3.689478521366670316e-01 4.493077646758918409e-01
7.494912399778766998e-01 2.146397784059329156e-02 6.616662140775236844e-01
2.102024111557635744e-01 6.988640378219480587e-01 -6.836695129837998541e-01
4.830780600403379310e-01 6.218240310098843704e-01 -6.164174416467158579e-01
1.369908936948421030e-01 2.861737154166994479e-01 -9.483343817711612500e-01
-9.487587397402327816e-02 6.960837771731964718e-02 -9.930524871774040196e-01
-2.835534167204306621e-02 5.259550793837287630e-01 -8.500395455913312137e-01
-3.419555003850767716e-01 6.102402709797372093e-01 -7.146140548792534464e-01
-7.362229313965791277e-01 -6.269902478633585519e-01 2.546743496508279136e-01
-4.262592295628617189e-01 -8.556980105583740226e-01 2.934007224580679196e-01
-6.064209845969191770e-01 -5.824795406646288143e-01 5.412681166922972409e-01
-5.284421553508807934e-01 -2.324542613240106192e-01 -8.165255077708376552e-01
2.077772173156165192e-01 9.108320633239785913e-01 -3.566701282495676195e-01
-4.017832598607113358e-03 9.997309266266467542e-01 -2.284581728535481013e-02
2.679577227568940012e-01 9.532228665830390080e-01 1.398743201526051194e-01
-1.362777544596964763e-01 9.447661918407921355e-01 2.980691470012799549e-01
-2.408908667261530911e-01 7.951408978243144077e-01 5.565272167064841957e-01
-2.586335211962421665e-01 5.001710592202075478e-01 8.264003952275001952e-01
5.800976164171001148e-01 -8.145183210650284167e-01 -6.830818150580488836e-03
9.520370333659458062e-01 -8.502206383667244849e-02 -2.939332164977643824e-01
9.726248250807894014e-01 1.592462584529787673e-01 -1.692382309210624103e-01
-4.414391942542520986e-01 3.434669330684392841e-01 -8.289522927555704745e-01
-4.204788096273571196e-01 4.002358743101696453e-02 -9.064191542015826997e-01
-7.201047712273792589e-01 1.520934294474246273e-01 -6.769909210428787238e-01
-8.158663464142855704e-01 -1.435570235666811800e-01 -5.601370241050670495e-01
-9.339285034892413906e-01 -2.337471710928789026e-01 -2.704437286690570819e-01
-7.712689953940633503e-01 -5.650870730485908489e-01 -2.929517650010133312e-01
-3.555943539820232702e-01 -9.299105774588179996e-01 -9.390938902109385866e-02
-8.985536586047000451e-01 -4.376319872610245909e-01 3.285675477089369106e-02
-6.327124211565248180e-01 -7.724795799242489824e-01 -5.431657863216204918e-02
-9.837251524470559672e-02 8.182167050982354084e-01 -5.664311712314369363e-01
7.167836295040102002e-01 4.888179238156428741e-01 -4.972708173939249243e-01
-1.864079788970058327e-01 9.488281556850144405e-01 -2.549062501840774209e-01
4.622375501752271076e-01 8.706133736943491019e-01 -1.684304032903439774e-01
-4.235601003514593565e-01 9.023217484142681544e-01 8.007686138254900554e-02
7.603157963863544921e-01 6.126553463252665255e-01 -2.158085178681584948e-01
6.329580277876155625e-01 7.676098603892564931e-01 1.006937798098690162e-01
9.092488656199375630e-01 4.142454556073416616e-01 -4.083139573322078913e-02
5.546796384613080777e-01 7.025738767673288532e-01 4.457807155548103029e-01
8.024648409168969598e-01 5.125667203627689572e-01 3.054922851215298163e-01
9.712064789308598803e-03 6.560190891495363275e-01 7.546818074320732483e-01
3.230390849977155532e-01 6.468943526619965745e-01 6.907774215026538656e-01
7.175827906048610760e-01 3.524356155792270906e-01 6.007196313581165681e-01
8.313701243483092584e-01 -2.764678430693398026e-01 -4.820676799886751684e-01
8.462832810664833172e-01 -5.034376176110935130e-01 -1.742273611159110003e-01
9.668737037703890591e-01 -2.492210349818307080e-01 5.517351429730706081e-02
7.911283044527068764e-01 -5.893291642018928522e-01 1.637288676894924910e-01
4.514994102085703176e-01 2.113567974292739904e-01 -8.668774923608029148e-01
