32.69378 -32.68674 -88.67183
4.615227 -56.94528 -82.07275
-35.20075 -57.0881 -74.17451
39.86722 -44.09826 -80.41112
-8.869217 -79.77809 -59.63885
64.11153 -19.31816 -74.27328
22.3013 -77.62422 -58.96722
-47.01449 -71.05797 -52.34886
-5.863862 -89.24712 -44.72767
52.10873 -55.66205 -64.70252
-30.2985 -85.34397 -42.40763
55.06383 -79.46204 -25.56871
17.94175 -97.63387 -12.07149
-4.305587 -99.05476 -13.02363
-77.01306 39.18091 -50.3373
-96.4915 11.37567 -23.66402
-90.99725 39.39611 12.94011
-79.1322 48.28932 37.49982
-91.0209 16.02712 38.18803
-65.29428 13.56048 74.51691
-33.48063 23.84358 91.16212
87.28272 -7.28148 48.25668
-37.89696 -31.47239 87.02477
-7.264915 -3.261327 99.68242
0.4948629 -69.68323 71.72171
7.640288 -7.395826 99.43303
-1.54469 -46.38892 88.57585
33.70269 1.717152 94.13383
58.36964 -26.81954 76.64005
19.70533 -37.89171 90.42078
-21.75091 -34.06865 -91.46707
-58.81271 -50.24407 -63.37664
-16.01711 -95.06901 26.55817
-74.38968 -30.81047 59.30337
-38.15344 -44.12054 81.22617
-17.51071 -76.61311 61.83693
30.54827 -89.57022 32.31064
9.271016 -84.59511 52.51395
50.43097 -72.80557 46.43346
27.15578 -70.48376 65.53321
9.012287 37.22905 92.37303
45.50612 28.97248 84.20088
-48.58412 54.87273 68.03356
-99.53604 -9.535596 -1.283927
-83.84615 -3.832807 54.36113
-92.60279 -27.59287 25.75574
-55.89333 68.9288 -46.09507
-45.2223 81.52473 -36.17544
-71.68121 69.42567 6.471445
-62.15227 63.17821 46.32071
12.25647 85.84325 49.80678
90.1132 18.91675 39.00985
79.10356 -32.84057 51.61514
71.33692 2.194481 70.04448
5.478022 82.54528 -56.18068
35.94476 78.37594 -50.64766
-9.19628 25.04498 -96.37519
-25.34055 -1.945619 -96.71645
-19.15004 49.92416 -84.50357
-47.06161 53.86972 -69.88033
-74.25282 -60.92768 27.8269
-39.55903 -85.95626 32.35126
-64.09425 -55.55413 52.96853
-62.24767 -29.23273 -72.59942
2.27555 97.2911 -23.00572
-4.307861 99.90516 -0.6338425
9.780657 97.58607 19.52689
-14.12868 89.89406 41.46612
-20.32751 78.24133 58.86499
-24.9916 50.67071 82.51
48.78485 -87.22076 3.546502
97.21348 -23.14516 -3.720422
98.56603 15.69518 6.19662
-54.2395 31.25531 -77.98193
-56.24627 -0.8441939 -82.67796
-69.86021 5.911354 -71.30643
-77.31649 -20.10421 -60.14966
-94.14399 -26.47819 -20.87616
-77.30135 -58.64074 -24.20258
-36.86407 -92.36634 -10.46426
-88.73402 -44.17322 13.2288
-61.80527 -78.59708 -1.615058
-15.81662 88.11467 -44.5605
69.12649 67.78524 -25.03377
-20.29864 95.25594 -22.67755
32.73406 94.45634 -2.545824
-41.08146 90.38744 11.9342
80.12971 59.61771 -4.995766
62.28172 75.38836 20.91849
89.14165 44.77008 7.028937
55.86677 65.07185 51.42527
76.67599 46.6922 44.05259
-3.796477 60.14628 79.79983
15.61515 63.72576 75.46651
65.68524 29.52718 69.38008
79.23652 -48.64587 -36.81239
82.45235 -56.03107 -7.882146
94.35233 -32.01524 8.524213
72.31551 -64.80891 23.88036
26.49113 -1.323472 -96.41819
